
================================================================================
EXPERIMENT SUMMARY
================================================================================

ID    CTC    Epochs   Beam   LR         Val CER    Val WER   
--------------------------------------------------------------------------------
24    Yes    200      1      2e-04      0.8323     0.9988    
21    Yes    100      1      3e-04      0.8396     1.0075    
2     Yes    5        1      1e-03      0.8505     1.0206    
12    No     100      1      3e-04      0.8594     1.0313    
17    No     100      1      3e-04      0.8594     1.0313    
19    No     100      1      3e-04      0.8594     1.0313    
20    No     100      1      3e-04      0.8594     1.0313    
22    No     100      1      5e-04      0.8614     1.0336    
18    Yes    100      1      3e-04      0.8751     1.0501    
23    No     100      1      3e-03      0.8832     1.0598    
8     No     10       3      1e-03      0.8878     1.0654    
9     No     50       1      5e-04      0.9059     1.0871    
14    No     50       1      5e-04      0.9059     1.0871    
13    Yes    100      1      3e-04      0.9167     1.1001    
16    Yes    50       1      5e-04      1.0196     1.2236    
15    Yes    50       1      5e-04      1.0233     1.2280    
10    Yes    50       1      5e-04      1.2030     1.4436    
11    Yes    50       1      5e-04      1.2490     1.4989    
1     No     5        1      1e-03      4.0422     4.8507    
6     No     10       1      1e-03      5.4178     6.5014    
3     No     5        1      1e-03      5.6114     6.7337    
7     Yes    10       1      1e-03      5.6173     6.7408    
4     Yes    5        1      1e-03      5.7168     6.8601    
5     Yes    5        1      1e-03      5.7168     6.8601    

================================================================================

🏆 Best Experiment: #24
   Val CER: 0.8323
   Val WER: 0.9988
   Config: {
      "use_ctc": true,
      "ctc_weight": 0.3,
      "num_epochs": 200,
      "beam_size": 1,
      "learning_rate": 0.0002,
      "batch_size": 64
}
